import pandas as pd
import seaborn as sns
import matplotlib.pyplot as plt

data = {
 'visitas': [86947, 134868, 143617, 102210, 93407, 151975, 137507, 118568, 59924, 224988, 169767, 91459, 72018, 220235, 310199, 220199, 134187, 219107, 212257, 198209, 129317, 219567, 230917, 139623, 75288, 189707, 221017, 150690],
 'excursoes': [115, 135, 155, 157, 110, 117, 132.5, 167, 85, 175, 185, 123, 115, 175, 235, 195, 135, 185, 215, 205, 125, 205, 245, 235, 145, 167, 175, 185],
 'preco': [4.60, 5.10, 5.30, 4.60, 4.50, 5.60, 6.10, 6.35, 3.60, 3.70, 3.80, 3.60, 4.10, 4.35, 4.60, 4.35, 4.30, 4.50, 4.60, 4.30, 4.80, 5.00, 5.30, 5.10, 4.60, 5.60, 5.30, 5.10],
 'ano': [2014, 2014, 2014, 2014, 2015, 2015, 2015, 2015, 2016, 2016, 2016, 2016, 2017, 2017, 2017, 2017, 2018, 2018, 2018, 2018, 2019, 2019, 2019, 2019, 2020, 2020, 2020, 2020],
 'trimestre': [1, 2, 3, 4, 1, 2, 3, 4, 1, 2, 3, 4, 1, 2, 3, 4, 1, 2, 3, 4, 1, 2, 3, 4, 1, 2, 3, 4]
}

df = pd.DataFrame(data)

df = df.drop(columns=['data'], errors='ignore')

correlation_matrix = df.corr()

plt.figure(figsize=(10, 8))
sns.heatmap(correlation_matrix, annot=True, cmap='coolwarm', fmt='.2f', linewidths=0.5)
plt.title('Matriz de Correlação')
plt.show()
